3
19
24
23
21
9
25
13
24
20
15
16
16
10
25
11
23
5
19
10
23
23
25
20
18
2
24
14
14
13
16
14
11
18
2
7
21
21
15
10
10
11
19
13
10
25
23
24
10
16
21
10
10
16
16
25
18
23
21
24
1
19
20
12
23
1
17
19
12
22
17
22
21
13
25
19
5
16
24
18
24
17
11
19
25
3
20
19
18
22
10
10
13
23
16
16
20
19
25
16
18
9
23
16
6
10
6
13
13
13
7
22
2
20
12
18
25
3
12
22
12
22
3
14
25
24
19
18
10
16
13
21
19
20
18
14
25
24
24
13
18
25
19
24
7
23
3
25
13
19
10
23
12
14
20
18
16
25
18
15
16
11
12
25
15
7
14
23
16
13
25
24
24
19
19
13
22
20
23
2
15
10
22
24
5
19
19
10
19
2
20
12
14
18
18
15
15
7
19